2 5799.546134795289 22
9 39810.717055349734 96
1 3031.4331330207965 10
0 1000.0 0
2 5799.546134795289 20
1 3031.4331330207965 15
5 17580.936309501132 57
7 27857.61802547598 70
0 1000.0 1
4 13132.639022018837 40
9 39810.717055349734 90
4 13132.639022018837 40
3 9189.58683997628 35
3 9189.58683997628 32
0 1000.0 0
3 9189.58683997628 38
9 39810.717055349734 93
9 39810.717055349734 90
8 33634.735369618975 88
3 9189.58683997628 30
2 5799.546134795289 25
2 5799.546134795289 20
1 3031.4331330207965 10
5 17580.936309501132 50
0 1000.0 0
9 39810.717055349734 90
1 3031.4331330207965 10
1 3031.4331330207965 17
3 9189.58683997628 39
6 22498.670948012277 60
9 39810.717055349734 90
0 1000.0 0
8 33634.735369618975 84
1 3031.4331330207965 10
6 22498.670948012277 60
3 9189.58683997628 30
5 17580.936309501132 50
2 5799.546134795289 28
7 27857.61802547598 74
5 17580.936309501132 50
9 39810.717055349734 90
4 13132.639022018837 44
1 3031.4331330207965 10
6 22498.670948012277 67
0 1000.0 1
3 9189.58683997628 30
0 1000.0 2
0 1000.0 0
8 33634.735369618975 81
9 39810.717055349734 91
